45106
0
0.601000
0.151000
-1.050000
1.451000
-2.000000
0.000000
0.000000
0.000000
1.000000
0
1.000000
100.000000
0.780000
18
1111
3
0
2
1.000000
0.000000
0.000000
0.000000
180
1.000000
1.000000
1.000000
0.000000
0.000000
0.000000
0.000000
0.000000
0.000000
1.000000
1
2
1.000000
0.000000
0.000000
0.000000
180
1.500000
1.500000
1.500000
0.000000
0.000000
0.000000
0.000000
0.000000
0.000000
0.000000
2
2
1.000000
0.000000
0.000000
0.000000
180
1.000000
1.000000
1.000000
0.000000
0.000000
0.000000
0.000000
0.000000
0.000000
1.000000
1112
2
0
2
1.000000
0.000000
0.000000
0.000000
0
1.000000
1.000000
1.000000
0.000000
0.000000
0.000000
0.000000
0.000000
0.000000
0.000000
1
2
1.000000
0.000000
0.000000
0.000000
32
1.000000
1.000000
1.000000
0.000000
0.000000
0.000000
0.000000
0.000000
0.000000
0.000000
1113
2
0
2
1.000000
0.000000
0.000000
0.000000
180
1.000000
1.000000
1.000000
0.000000
0.000000
0.000000
0.000000
0.000000
0.000000
1.000000
1
2
1.000000
0.000000
0.000000
0.000000
32
1.000000
1.000000
1.000000
0.000000
0.000000
0.000000
0.000000
0.000000
0.000000
1.000000
1114
2
0
2
1.000000
0.000000
0.000000
0.000000
180
1.000000
1.000000
1.000000
0.000000
0.000000
0.000000
0.000000
0.000000
0.000000
0.000000
1
2
1.000000
0.000000
0.000000
0.000000
32
1.000000
1.000000
1.000000
0.000000
0.000000
0.000000
0.000000
0.000000
0.000000
0.000000
1115
2
0
2
1.000000
0.000000
0.000000
0.000000
180
1.000000
1.000000
1.000000
0.000000
0.000000
0.000000
0.000000
0.000000
0.000000
1.000000
1
2
1.000000
0.000000
0.000000
0.000000
32
1.000000
1.000000
1.000000
0.000000
0.000000
0.000000
0.000000
0.000000
0.000000
1.000000
1116
2
0
2
1.000000
0.000000
0.000000
0.000000
180
1.500000
1.500000
1.500000
0.000000
0.000000
0.000000
0.000000
0.000000
0.000000
0.000000
1
2
1.000000
0.000000
0.000000
0.000000
32
1.500000
1.500000
1.500000
0.000000
0.000000
0.000000
0.000000
0.000000
0.000000
0.000000
1117
4
3
2
1.000000
0.000000
0.000000
0.000000
180
1.200000
1.200000
1.200000
0.000000
0.000000
0.000000
0.000000
0.000000
0.000000
1.000000
0
2
1.000000
0.000000
0.000000
0.000000
60
1.200000
1.200000
1.200000
0.000000
0.000000
0.000000
0.000000
0.000000
0.000000
1.000000
1
2
1.000000
0.000000
0.000000
0.000000
180
1.000000
1.000000
1.000000
0.000000
0.000000
0.000000
0.000000
0.000000
0.000000
1.000000
2
2
1.000000
0.000000
0.000000
0.000000
32
1.000000
1.000000
1.000000
0.000000
0.000000
0.000000
0.000000
0.000000
0.000000
1.000000
1118
4
3
2
1.000000
0.000000
0.000000
0.000000
180
1.200000
1.200000
1.200000
0.000000
0.000000
0.000000
0.000000
0.000000
0.000000
1.000000
0
2
1.000000
0.000000
0.000000
0.000000
60
1.200000
1.200000
1.200000
0.000000
0.000000
0.000000
0.000000
0.000000
0.000000
1.000000
1
2
1.000000
0.000000
0.000000
0.000000
180
0.000000
0.000000
0.000000
0.000000
0.000000
0.000000
0.000000
0.000000
0.000000
0.000000
2
2
1.000000
0.000000
0.000000
0.000000
32
0.000000
0.000000
0.000000
0.000000
0.000000
0.000000
0.000000
0.000000
0.000000
0.000000
1119
4
3
2
1.000000
0.000000
0.000000
0.000000
180
1.000000
1.000000
1.000000
0.200000
0.000000
0.000000
0.000000
0.000000
0.000000
1.000000
0
2
1.000000
0.000000
0.000000
0.000000
60
1.000000
1.000000
1.000000
0.200000
0.000000
0.000000
0.000000
0.000000
0.000000
1.000000
1
2
1.000000
0.000000
0.000000
0.000000
180
1.000000
1.000000
1.000000
0.000000
0.000000
0.000000
0.000000
0.000000
0.000000
1.000000
2
2
1.000000
0.000000
0.000000
0.000000
32
1.000000
1.000000
1.000000
0.000000
0.000000
0.000000
0.000000
0.000000
0.000000
1.000000
1120
4
3
2
1.000000
0.000000
0.000000
0.000000
180
1.000000
1.000000
1.000000
0.200000
0.000000
0.000000
0.000000
0.000000
0.000000
1.000000
0
2
1.000000
0.000000
0.000000
0.000000
60
1.000000
1.000000
1.000000
0.200000
0.000000
0.000000
0.000000
0.000000
0.000000
1.000000
1
2
1.000000
0.000000
0.000000
0.000000
180
1.000000
1.000000
1.000000
-1.000000
0.000000
0.000000
0.000000
0.000000
0.000000
0.000000
2
2
1.000000
0.000000
0.000000
0.000000
32
1.000000
1.000000
1.000000
-1.000000
0.000000
0.000000
0.000000
0.000000
0.000000
0.000000
1121
4
3
2
1.000000
0.000000
0.000000
0.000000
180
1.000000
1.000000
1.000000
0.000000
-0.200000
0.000000
0.000000
0.000000
0.000000
1.000000
0
2
1.000000
0.000000
0.000000
0.000000
60
1.000000
1.000000
1.000000
0.000000
-0.200000
0.000000
0.000000
0.000000
0.000000
1.000000
1
2
1.000000
0.000000
0.000000
0.000000
180
1.000000
1.000000
1.000000
0.000000
0.000000
0.000000
0.000000
0.000000
0.000000
1.000000
2
2
1.000000
0.000000
0.000000
0.000000
32
1.000000
1.000000
1.000000
0.000000
0.000000
0.000000
0.000000
0.000000
0.000000
1.000000
1122
4
3
2
1.000000
0.000000
0.000000
0.000000
180
1.000000
1.000000
1.000000
0.000000
-0.200000
0.000000
0.000000
0.000000
0.000000
1.000000
0
2
1.000000
0.000000
0.000000
0.000000
60
1.000000
1.000000
1.000000
0.000000
-0.200000
0.000000
0.000000
0.000000
0.000000
1.000000
1
2
1.000000
0.000000
0.000000
0.000000
180
1.000000
1.000000
1.000000
0.000000
1.000000
0.000000
0.000000
0.000000
0.000000
0.000000
2
2
1.000000
0.000000
0.000000
0.000000
32
1.000000
1.000000
1.000000
0.000000
1.000000
0.000000
0.000000
0.000000
0.000000
0.000000
1123
4
3
2
1.000000
0.000000
0.000000
0.000000
180
1.000000
1.000000
1.000000
-0.200000
0.000000
0.000000
0.000000
0.000000
0.000000
1.000000
0
2
1.000000
0.000000
0.000000
0.000000
60
1.000000
1.000000
1.000000
-0.200000
0.000000
0.000000
0.000000
0.000000
0.000000
1.000000
1
2
1.000000
0.000000
0.000000
0.000000
180
1.000000
1.000000
1.000000
0.000000
0.000000
0.000000
0.000000
0.000000
0.000000
1.000000
2
2
1.000000
0.000000
0.000000
0.000000
32
1.000000
1.000000
1.000000
0.000000
0.000000
0.000000
0.000000
0.000000
0.000000
1.000000
1124
4
3
2
1.000000
0.000000
0.000000
0.000000
180
1.000000
1.000000
1.000000
-0.200000
0.000000
0.000000
0.000000
0.000000
0.000000
1.000000
0
2
1.000000
0.000000
0.000000
0.000000
60
1.000000
1.000000
1.000000
-0.200000
0.000000
0.000000
0.000000
0.000000
0.000000
1.000000
1
2
1.000000
0.000000
0.000000
0.000000
180
1.000000
1.000000
1.000000
1.000000
0.000000
0.000000
0.000000
0.000000
0.000000
0.000000
2
2
1.000000
0.000000
0.000000
0.000000
32
1.000000
1.000000
1.000000
1.000000
0.000000
0.000000
0.000000
0.000000
0.000000
0.000000
1125
4
3
2
1.000000
0.000000
0.000000
0.000000
180
1.000000
1.000000
1.000000
0.000000
0.200000
0.000000
0.000000
0.000000
0.000000
1.000000
0
2
1.000000
0.000000
0.000000
0.000000
60
1.000000
1.000000
1.000000
0.000000
0.200000
0.000000
0.000000
0.000000
0.000000
1.000000
1
2
1.000000
0.000000
0.000000
0.000000
180
1.000000
1.000000
1.000000
0.000000
0.000000
0.000000
0.000000
0.000000
0.000000
1.000000
2
2
1.000000
0.000000
0.000000
0.000000
32
1.000000
1.000000
1.000000
0.000000
0.000000
0.000000
0.000000
0.000000
0.000000
1.000000
1126
4
3
2
1.000000
0.000000
0.000000
0.000000
180
1.000000
1.000000
1.000000
0.000000
0.200000
0.000000
0.000000
0.000000
0.000000
1.000000
0
2
1.000000
0.000000
0.000000
0.000000
60
1.000000
1.000000
1.000000
0.000000
0.200000
0.000000
0.000000
0.000000
0.000000
1.000000
1
2
1.000000
0.000000
0.000000
0.000000
180
1.000000
1.000000
1.000000
0.000000
-1.000000
0.000000
0.000000
0.000000
0.000000
0.000000
2
2
1.000000
0.000000
0.000000
0.000000
32
1.000000
1.000000
1.000000
0.000000
-1.000000
0.000000
0.000000
0.000000
0.000000
0.000000
1127
2
0
1
1.000000
0.000000
0.000000
0.000000
260
1.000000
1.000000
1.000000
0.051000
0.000000
0.000000
0.000000
0.000000
0.000000
1.000000
1
1
1.000000
0.000000
0.000000
0.000000
160
1.000000
1.000000
1.000000
-0.001000
0.000000
0.000000
0.000000
0.000000
0.000000
1.000000
1128
2
0
1
1.000000
0.000000
0.000000
0.000000
160
1.000000
1.000000
1.000000
0.051000
0.000000
0.000000
0.000000
0.000000
0.000000
1.000000
1
1
1.000000
0.000000
0.000000
0.000000
260
1.000000
1.000000
1.000000
-0.500000
0.000000
0.000000
0.000000
0.000000
0.000000
0.000000
